anise             1001    202    327    608    176    237    285    440    926     86    608    329    178    909    179    373   1676     68   1451   1105     51   1323   1354    318    302    243    645    462    226    289    251    238    153   1638    696    271    263    299    442    109    953    485    729    275    471     69    497   1080   1299    231    476   1095     77    909   1123    148    540     61    976    185 
apricot            565   1061    182    531    224    999   1019   1109    562    233   1010     84   1395    812    786    249    135    113    422    570    539     63    798    289     76    347    532    571    215    250    126   2004     88    189    424     61   1952   1092   1392    691    178   1011    255    699    241    763    541     48    452   1874    376    132    452    550    621   1386   1625     93    169    247 
artichoke         1950   3851    639   2010    840   3798   3630   3893   2019    848   3615    307   4771   2972   2851    864    460    401   1574   1917   2003    276   2697    920    316   1184   1756   2009    716    952    418   7123    261    632   1459    192   6854   3818   5265   2375    582   3769    834   2429    915   2699   2004    269   1581   6487   1453    509   1554   1999   2256   4906   5662    292    580    847 
arugula           1175   2648    384   1369    531   2367   2346   2492   1320    505   2333    189   3116   1841   1863    571    285    282   1049   1221   1293    190   1778    555    214    745   1121   1250    448    593    309   4628    175    443    950    114   4364   2506   3429   1580    413   2326    575   1545    501   1832   1246    133   1000   4175    877    278    984   1256   1502   3143   3679    213    372    546 
asparagus         1368   4152    415    707   6866    372   2326   1241    562   2187   1856   7092   2144    860    201   6135    233   8517   1232    731   7079   2717    162   3488   5829   3086   3954   4201    626    448   2528    490   5289    254   4223   1232   2022   3430   2074   4179     64     32   4172   4970   1288   6538   3621   3454     38   1986   1539   2285   3376   3123   1667   3304    696    683   4332   6990 
avocado            125     22     31     64     27     39     45     54    106     15     89     40     22    119     17     55    204     11    184    139      5    157    174     54     38     26     97     50     30     47     33     29     17    222     97     29     19     38     63     18    103     62    110     23     64      6     59    132    158     32     70    120      6    130    118     20     56      8    119     17 
banana             115    243     30    123     59    252    225    230    107     61    242     21    325    175    203     44     29     24     87    128    120     22    167     55     11     70    118    123     40     48     35    456     23     43     76     17    441    235    317    162     32    251     52    165     46    182    136     17    106    400     86     36     99    121    122    313    386     20     40     54 
basil              455     83    127    305     84    112    142    203    403     44    259    156     72    400     81    162    734     37    688    488     14    588    606    160    140    119    285    197    100    143     97     87     79    735    319    141    112    140    220     45    458    226    382    101    227     35    241    487    609     85    213    451     31    428    467     66    277     26    440    104 
beet               595    104    150    333    116    157    151    254    569     48    342    220    100    479     80    247    913     36    832    617     26    734    767    178    144    130    413    244    130    173    124    129     96    952    343    193    141    165    244     61    548    262    463    187    246     37    282    570    745    106    265    611     34    538    634     83    313     30    587     89 
blackberry         789    536   3737   1999    827   2832   1290   1805   1789   2869    651    333    776    644   3401    491   1048     48    236   1212     22    475    412   1657   1586   2219    744   1014   4117   4286   2577    544   1374    921    815   3622    267    479    194   1558   2630   2256    696    901   3113      9   1306    343   1409    354   2202    610   1929    525    447    131    523   3834    546    265 
blueberry         1913    372    482   1079    342    407    461    800   1715    170   1173    609    326   1577    264    679   3008    103   2662   1904     81   2383   2292    616    528    408   1196    776    409    515    443    379    305   2999   1239    579    399    578    827    201   1685    864   1374    504    845    114    950   1905   2402    425    879   2048    136   1650   1969    273    986     85   1695    339 
broccoli           973    708   4666   2586   1073   3686   1620   2462   2160   3720    791    472   1014    808   4308    616   1404     64    309   1710     12    612    534   2232   1983   2998    881   1323   5349   5510   3406    698   1796   1096   1095   4684    352    602    245   2081   3324   3075    921   1159   4012     12   1672    498   1868    434   2724    744   2441    676    563    157    685   5192    649    308 
butternut          792   1071   2287   1654    670   2351   1372   1849   1359   1906   1052    271   1344    902   2653    457    763    103    417   1109    365    336    710   1145   1047   1603    782    997   2645   2746   1730   1591    928    623    730   2225   1357   1011    995   1437   1713   2078    572    966   2076    481   1177    246   1158   1346   1496    457   1348    678    681    974   1351   2471    429    287 
cabbage           4207   5932  10469   7973   3176  11987   7633   9355   6738   8840   5893   1278   7581   5111  12231   2391   3388    587   2452   5714   2362   1617   4256   5518   4564   7404   3938   5047  11889  12648   7649   9625   3959   3136   3882  10283   8443   5726   6610   7184   7635  10525   2906   5274   9438   3233   5812   1266   5439   8552   7391   2146   6895   3724   3643   6120   7958  10957   2131   1609 
cantaloupe         291     64     85    147     51     63     77    114    263     23    186     90     49    248     33     92    437     21    394    269      9    354    358     91     72     67    155    142     59     77     60     54     48    433    167     84     59     66    106     26    249    126    212     68    129     14    127    303    325     59    128    284     16    269    279     46    156     13    269     54 
caraway            708    504   3521   1897    796   2771   1187   1715   1659   2732    581    335    761    599   3349    461   1015     47    194   1221     13    468    396   1538   1486   2167    688    943   3894   4104   2522    515   1294    844    873   3513    227    439    171   1594   2362   2207    669    874   3104     14   1203    332   1378    308   2051    588   1766    510    427    139    541   3748    528    259 
carrot               7     37      5      6     46      3     20     11      3     19     22     54     11     10      2     50      0     71     13      4     58     19      1     29     56     22     27     37      3      4     20      5     31      3     37      8     18     19      9     37      0      0     42     42     12     53     23     33      1     18     16     21     21     27     11     25      5      6     37     49 
cauliflower        763   1610    260    876    307   1526   1560   1590    804    328   1522    116   2004   1183   1159    358    210    182    652    793    801    136   1132    379    112    498    721    855    276    350    198   2978    117    270    561     73   2786   1631   2270   1004    261   1474    325   1005    383   1121    773     86    684   2725    549    221    660    784    897   2026   2436    136    239    373 
cayenne            436   1320    125    187   2055    103    638    343    156    701    616   2146    608    238     57   1856     68   2746    368    230   2171    777     44   1053   1792    867   1210   1304    201    143    751    143   1623     68   1238    360    626   1067    661   1344     22      7   1312   1520    385   2026   1122   1029     20    658    415    700   1078    993    566    965    204    237   1357   2074 
celery             974   2135    347   1122    416   1924   1976   2013   1040    441   1777    152   2662   1500   1500    478    250    200    866    997   1008    140   1427    510    153    568    928   1036    383    512    230   3668    133    357    735    102   3577   2068   2613   1223    311   1866    451   1232    412   1536   1017    126    815   3462    725    247    813   1066   1157   2577   3060    160    289    458 
chard              321     55     89    186     59     73     82    122    267     24    209     86     51    279     49    127    496     34    473    341     17    388    411    116     99     51    203    143     84     95     68     57     60    505    228    111     69     88    131     27    291    162    255     69    144     20    132    325    399     75    144    345     21    285    361     48    174     13    270     49 
cherry             861   1663    261    873    335   1702   1560   1629    846    407   1609    124   2109   1315   1210    373    174    171    654    849    841    129   1165    398    132    486    808    819    275    435    202   3107    110    276    574     77   2976   1688   2314   1077    239   1625    395   1043    364   1183    843    113    677   2754    568    198    590    843   1037   2195   2473    116    236    338 
chestnut          4078    740   1045   2269    678    931   1022   1683   3475    317   2483   1333    651   3388    555   1471   6227    279   5662   4115    154   5040   5015   1240   1119    888   2553   1588    896   1127    876    832    628   6295   2592   1120    906   1191   1689    479   3592   1797   2989    984   1836    258   1976   4087   4942    816   1793   4167    280   3666   4098    583   2130    194   3617    671 
chickpea           208    351     66    137     72    314    300    345    140     85    310     33    411    244    235     76     46     33    113    156    147     30    230     75     31    107    141    178     64     87     45    639     27     50    112     21    572    309    444    223     45    329     91    168     70    273    193     16    127    535    139     45    151    181    203    439    526     18     47     67 
cilantro            31      5     14     26     10     11      7     14     30      5     19     11      5     37      2     12     52      1     53     37      0     57     39     12     13      8     14     14      6     14     10     10      5     58     24     10      4     16     17      3     27     13     24      6     10      1     13     35     41     10     12     36      2     19     39      5     16      2     40     10 
clementine         278    211   1309    729    297   1056    439    623    617   1062    225    139    265    235   1215    216    380     19     81    444      9    198    172    570    534    864    271    384   1517   1629    983    158    522    346    325   1271     98    177     63    591    987    878    253    341   1160      6    511    120    513    130    791    219    687    181    144     42    176   1443    187     86 
coconut            602   1210    193    660    277   1204   1165   1210    614    219   1191     97   1491    990    951    278    153    143    479    597    652     87    857    296     82    366    529    675    215    315    159   2430     86    222    471     51   2192   1217   1707    773    179   1171    276    787    253    878    601     78    522   2185    423    190    505    651    726   1635   1793     81    180    284 
coriander         1269    860   5953   3333   1379   4790   2126   3113   2808   4788   1173    562   1253   1078   5587    818   1730     89    395   2212     27    801    699   2755   2572   3769   1192   1701   6857   7030   4444    806   2267   1436   1398   6173    407    810    292   2628   4260   3744   1156   1481   5204     26   2203    564   2368    582   3565    998   3157    862    666    229    945   6652    922    440 
cranberry          881   1860    257    951    395   1773   1695   1820    910    413   1727    146   2314   1400   1390    423    196    201    746    900    930    137   1265    414    157    502    841    929    328    440    219   3390    126    273    708     87   3091   1830   2484   1111    255   1713    409   1112    387   1258    931     94    734   3006    635    241    679    880   1055   2363   2729    161    304    417 
cucumber           343     65     99    179     68     67     91    127    306     27    206    114     56    289     66    121    509     22    463    344     16    443    381     87     84     75    216    155     90     99     85     56     49    510    225    111     84    103    143     49    335    159    274     79    168     22    149    359    408     53    151    340     22    306    322     47    176     20    299     65 
currant            143     22     42     85     22     39     35     73    123     16     87     33     22    127     21     42    205      7    189    153     10    198    175     39     36     32    103     59     27     50     28     27     28    218     88     50     22     30     51     13    113     69    100     42     50     17     62    140    177     35     71    147      9    126    142     14     76      3    121     28 
eggplant           565    118    150    330    108    144    151    236    472     74    343    177     87    497     79    214    868     29    765    544     25    709    709    175    149    112    363    231    112    137    119    110     80    883    342    156    103    156    251     60    496    246    410    146    267     32    281    578    674    128    244    584     44    502    551     79    273     25    506    107 
elderberry          57    175     19     31    289     19     89     49     22     83     76    315     78     37      4    261      7    335     43     40    270    110      6    143    237    132    187    170     34     11     97     18    249     14    179     52     87    143     94    160      1      4    155    179     57    293    147    136      2     69     54     92    150    155     73    145     22     20    195    289 
endive              18     58      5     15     91      7     33     12      8     32     27    107     22     17      2     89      3    112     11     10     94     41      1     45     88     36     55     62     11      6     34      5     67      4     66     20     30     35     28     59      1      0     51     72     11     87     64     49      1     40     27     30     48     44     22     42     13     12     64     93 
fennel            6923   1286   1863   3905   1231   1582   1777   2896   6130    569   4251   2152   1156   5857    966   2668  10697    482   9586   6994    312   8475   8506   2132   1831   1564   4418   2892   1547   1877   1536   1402   1117  11035   4404   1969   1543   2027   2971    784   6199   3163   5049   1776   3130    424   3352   6976   8897   1467   3034   7073    461   6170   7115    937   3657    332   6041   1192 
fig                981    176    261    514    173    232    236    384    856     80    585    266    167    859    154    371   1481     61   1326   1050     20   1259   1192    286    252    209    636    397    219    277    216    207    162   1530    577    276    199    272    412    100    815    445    673    217    447     68    496    985   1161    213    454    929     63    826    959    143    512     52    866    154 
garlic             140    383     36     85    657     36    212    111     53    218    183    681    186     92      9    606     30    833    133     64    681    236     17    338    515    292    376    432     72     44    230     35    470     23    396    124    198    316    201    422      7      3    382    446    133    629    340    358      6    181    125    221    311    328    170    316     71     63    388    667 
ginger             408   1153    104    196   1976     92    601    315    154    607    541   1927    575    238     61   1777     75   2499    315    194   1958    755     50   1015   1555    856   1094   1275    197    129    655    129   1448     69   1125    345    578    989    587   1240     19     11   1165   1376    358   1925    997    958     12    588    406    631    947    913    429    893    176    198   1171   1916 
gooseberry         581    441   2883   1621    694   2231    996   1436   1313   2286    511    300    614    549   2627    405    866     43    170    998     13    404    319   1327   1252   1822    607    822   3245   3539   2107    404   1099    726    654   2900    186    391    137   1303   2054   1838    540    758   2536      8   1090    297   1171    274   1695    481   1540    406    365    138    496   3196    483    190 
grape             1097    214    325    640    195    262    280    459    994    101    662    362    189    954    150    405   1791     82   1574   1098     38   1365   1412    353    338    267    752    484    252    331    219    223    185   1828    760    318    243    333    511    143    965    511    835    285    470     71    541   1127   1370    234    502   1114     81   1022   1093    170    585     73   1013    222 
grapefruit          69    134     12     77     27    124    137    139     67     18    126     10    173    107    119     24     13     11     71     54     55      6     92     32     11     43     49     67     16     38     13    257      6     28     54      5    239    138    191     89     16    122     26     98     23     97     48      9     65    243     62     21     53     72     69    157    204     10     15     34 
guava              838   2575    266    404   4323    238   1401    780    328   1338   1180   4270   1279    543    118   3703    159   5356    782    462   4339   1591     97   2173   3524   1845   2448   2490    407    282   1471    293   3138    153   2472    723   1276   2164   1283   2516     38     17   2591   3040    806   4022   2161   2179     32   1243    846   1389   2064   1931   1041   1965    470    441   2705   4295 
honeydew          4006    770   1028   2362    705    900   1046   1704   3520    371   2458   1226    680   3370    585   1442   6123    271   5571   3933    146   4921   4947   1256   1065    927   2517   1617    843   1141    895    826    699   6279   2575   1146    866   1156   1684    455   3558   1770   2900    998   1820    260   2028   3972   4870    834   1843   4078    237   3439   4144    583   2129    191   3667    709 
horseradish        190    123    885    524    217    718    299    440    393    692    152     77    196    159    798    125    250     14     58    332      3    111     93    430    358    549    182    256    994   1002    628    128    340    225    207    851     49    103     32    408    624    568    171    194    738      2    355     78    356     99    515    149    442    140     97     29    165    958    123     67 
huckleberry        662    525   3569   1940    825   2669   1185   1767   1623   2679    574    309    730    626   3184    444   1018     54    209   1180     16    463    389   1566   1470   2183    693    931   3900   4010   2470    480   1296    828    767   3575    240    509    145   1488   2368   2205    680    887   2870     10   1189    317   1317    365   2089    543   1723    467    398    138    549   3812    467    221 
juniper           1758   5166    473    909   8168    452   2717   1476    668   2671   2307   8498   2546   1077    215   7655    307  10530   1430    906   8731   3076    194   4333   7203   3742   4786   5228    766    571   2960    608   6415    319   5048   1553   2559   4308   2501   5087     62     25   5085   6198   1559   7825   4312   4370     71   2496   1736   2648   4132   3711   2116   4049    823    894   5238   8340 
kiwi               446    883    121    439    175    856    812    821    400    148    814     69   1056    659    640    168    117    101    373    422    468     44    614    192     63    250    397    456    152    202    111   1580     69    133    324     30   1412    867   1235    554    137    833    206    561    198    632    459     55    371   1447    337    107    360    439    483   1109   1310     69    118    177 
kohlrabi           275    214   1294    765    311   1086    458    741    614   1059    223    143    264    232   1247    187    397     15     90    473      5    184    135    617    565    818    250    363   1526   1557    949    180    532    315    303   1411     90    188     67    613    965    826    278    313   1122      6    520    122    494    117    805    224    663    189    146     46    231   1469    188     72 
lavender           363   1016     98    188   1685    101    506    318    114    552    450   1695    477    206     47   1502     69   2129    262    182   1703    646     37    862   1423    734    972   1034    170    119    622    124   1228     74    985    278    507    811    501   1014     19      4    995   1277    302   1582    862    872     12    507    363    571    781    742    434    813    163    174   1070   1610 
leek               195     42     65     95     37     43     38     88    162     24    129     59     33    172     32     53    318     13    289    220      3    228    248     61     56     47    107     83     37     52     48     42     33    315    101     47     36     52     91     31    187     85    152     45     88     13    105    176    249     34     86    220      9    174    191     25     87      8    171     30 
lentil            1344    275    365    795    235    313    379    488   1173     90    795    412    237   1038    202    484   2007     82   1821   1326     42   1593   1604    422    386    288    847    534    293    398    297    265    228   2116    833    373    289    360    535    167   1140    602    916    336    600     77    672   1365   1614    269    577   1377     92   1170   1272    178    688     65   1159    230 
lettuce            103     18     32     67     28     31     25     46    105      7     72     34     15     82     22     38    181      7    164    103      2    154    124     39     29     29     69     57     29     29     32     31     19    206     83     32     26     41     51     15    125     56     89     30     65      8     50    114    172     34     46    112     10    110    109     16     63      4    103     23 
lime               596   1728    174    316   2945    161    988    481    230    972    809   2891    884    338     94   2650    131   3603    534    309   2892   1052     66   1463   2469   1269   1695   1785    266    190   1081    214   2136     95   1740    491    916   1411    887   1726     29     16   1817   2055    534   2772   1477   1438     20    874    560    898   1353   1332    715   1370    305    302   1820   3001 
maize               43      7     13     19      6      7     11     20     33      6     24     11      3     44      4     20     60      2     65     28      3     48     35     16     14      7     21     21      8     13     11      8     10     65     31     15     10     14     26      5     40     20     35     14     22      3     24     39     41     11     12     42      5     30     48     11     25      3     36      5 
mango             2580   7759    732   1343  12788    696   4198   2315    981   4108   3546  12961   3970   1615    351  11740    498  16291   2272   1426  13274   4767    244   6747  10653   5652   7439   7900   1165    861   4576    925   9842    496   7680   2271   3860   6413   3874   7671    128     47   7806   9293   2337  12388   6702   6679    111   3853   2708   4075   6130   5971   3146   6090   1429   1423   8147  12743 
melon             1024    179    264    571    163    293    261    435    869     88    583    295    185    845    164    359   1627     77   1393    984     27   1231   1277    326    259    203    623    438    218    275    223    191    151   1513    617    281    239    293    427    117    899    479    737    273    461     57    496   1042   1261    203    445   1037     73    878   1024    146    532     40    934    161 
mulberry           122     22     32     62     21     28     29     31     92      9     74     40     19     79     18     46    164      9    143    101      4    107    144     30     30     24     72     47     25     34     15     21     13    185     69     32     24     29     44     13     96     57     73     24     46      8     46     96    138     26     34    121      7    103    101     13     41      1     94     15 
mushroom          1590    312    390    838    277    376    420    588   1396    121    923    479    276   1260    214    569   2370    104   2130   1568     70   1881   1916    470    458    363    994    621    342    418    323    324    234   2440    982    443    312    472    683    195   1370    751   1145    385    709    109    760   1519   2046    375    692   1636    108   1344   1537    256    853     69   1414    285 
mustard           1586   1044   7496   4197   1680   5824   2644   3847   3511   5997   1329    721   1525   1313   6779    953   2165    100    486   2620     27    965    809   3425   3171   4569   1486   2008   8331   8531   5375   1023   2867   1753   1654   7652    497    968    352   3177   5180   4715   1365   1843   6344     27   2735    708   2902    746   4314   1166   3852   1066    917    301   1080   8129   1085    548 
nectarine         3022   5943    987   3259   1296   5737   5663   6063   3094   1274   5682    446   7373   4725   4430   1430    728    616   2444   2981   3051    420   4244   1442    454   1795   2816   3118   1075   1451    727  11140    444   1037   2281    287  10458   5808   8301   3713    912   5653   1299   3839   1386   4334   3050    405   2433   9979   2181    826   2486   3069   3465   7841   8872    427    873   1360 
okra               753    130    184    430    127    188    208    303    612     65    454    255    143    653    107    251   1212     62   1129    794     23    980    962    248    196    177    501    328    166    191    201    127    130   1196    473    234    162    194    327     80    692    397    505    209    330     61    344    763    982    151    333    769     53    669    773    125    407     40    720    151 
olive             1713   3041   2391   2495    990   4110   3191   3623   2283   2116   2827    403   3864   2405   3838    852    855    286   1204   2002   1428    470   2111   1536    984   2043   1651   1930   2672   2940   1720   5275    910    976   1436   1998   4721   2928   3675   2487   1824   3816    958   2227   2199   1985   2106    365   1801   4636   2060    653   2149   1677   1804   3502   4243   2296    711    745 
onion              143     34     30     75     27     27     30     56    107     10     61     44     24     95     23     41    197      6    199    137      5    172    164     49     29     24     77     61     23     34     33     28     21    193     61     35     32     24     51     15    108     68     99     30     58      6     73    124    190     23     50    136      7    120    142     14     73      7    111     19 
orange             386     67    121    228     59     87    110    147    360     34    268    126     73    343     78    154    597     28    575    406     25    493    475    132    102     90    248    171     83    108     90     87     65    674    266    122    105    136    166     45    362    200    294     99    207     28    183    426    504     74    207    421     26    351    416     70    207     17    409     67 
oregano            354   1160    111    160   1896     92    603    344    164    623    526   1836    537    236     46   1642     80   2349    299    183   1844    729     35    898   1512    792   1082   1156    183    126    676    117   1398     74   1174    330    489    937    560   1047     18     11   1109   1307    355   1732   1015    957     12    554    375    556    906    840    459    896    175    195   1144   1732 
papaya             265     49     44    128     46     53     65    107    244     18    146     67     27    205     44    102    371     11    334    214     12    325    253     82     69     58    179    109     45     77     57     44     38    397    170     68     60     84    115     25    226    108    186     67    116     15    107    249    302     53     98    247     22    221    256     33    143      8    199     44 
parsley             24     17    116     62     28     80     33     31     49     89     18      8     18     13     92     15     26      2     12     39      1     12      7     55     42     70     15     34    132     98     72     16     48     29     19    113      5     11      3     50     74     61     17     20     82      0     43      7     41     15     53     16     57     12      5      4     18     88      9      3 
parsnip            175     24     56    114     30     41     39     66    173     18    108     74     33    135     27     67    255     19    257    145      2    217    218     64     37     43    109     73     51     44     39     32     26    286    112     55     41     39     79     20    168     81    115     34     74      9     94    213    207     48     90    209     10    169    168     27    112      6    144     35 
pea               2436    467    663   1336    381    566    672   1065   2186    200   1493    782    420   1976    343    908   3673    193   3331   2423    109   2972   2925    786    611    535   1455    926    511    644    514    492    399   3709   1503    681    542    688   1054    277   2146   1063   1775    623   1114    160   1099   2376   3045    553   1094   2410    148   2167   2496    338   1253    125   2161    419 
peach             1411   3103    504   1629    640   2891   2799   3042   1540    655   2848    219   3906   2242   2161    707    341    296   1234   1501   1608    198   2121    690    245    919   1411   1567    522    696    368   5614    222    502   1088    149   5239   3011   4062   1847    444   2774    653   1943    677   2265   1509    185   1157   4974   1005    424   1211   1509   1782   3954   4428    250    441    645 
pear              4411    811   1195   2474    741    972   1210   1825   3860    361   2651   1379    820   3652    669   1587   6591    330   6073   4417    167   5507   5468   1400   1207    995   2863   1875    952   1194    936    922    732   7011   2910   1261    954   1296   1821    496   4025   2077   3222   1095   2028    271   2124   4585   5420    887   1996   4464    311   3847   4534    644   2253    190   4017    759 
pepper            1395    286    405    912    276    337    377    601   1293    125    860    474    260   1191    218    511   2205     86   1912   1423     71   1741   1751    454    368    323    950    593    336    412    319    300    229   2228    886    443    272    404    636    160   1247    642   1071    330    602     93    704   1413   1770    307    703   1453     96   1278   1439    189    781     50   1266    202 
persimmon         2375    401    723   1306    416    558    630   1015   2152    184   1480    769    409   2056    347    904   3838    183   3458   2558    110   3105   2956    792    632    546   1530   1017    517    644    519    464    391   3915   1537    734    534    709   1051    262   2073   1128   1767    604   1117    148   1168   2468   3074    482   1088   2506    178   2153   2461    342   1307    114   2254    406 
pineapple          380     79     99    206     69     82    117    138    385     32    220    133     56    311     65    159    567     30    518    381     14    496    491    123    133     85    271    152     90    102    103     91     58    608    253    120     77    107    149     48    337    198    290     90    198     26    225    363    426     70    180    394     25    354    394     53    196     25    343     66 
plantain           574    406   2892   1575    655   2217   1000   1418   1341   2356    495    264    643    525   2709    432    816     51    171   1007     10    394    318   1361   1283   1803    541    823   3313   3417   2132    383   1067    688    594   2931    196    412    134   1273   2020   1810    541    711   2447      9   1071    268   1100    280   1689    468   1544    440    345     98    454   3189    434    200 
plum              2042   5924    572    986  10093    539   3227   1760    736   3225   2760  10191   3051   1312    267   9256    371  12947   1825   1123  10570   3802    210   5295   8570   4566   5782   6332    952    735   3606    762   7677    394   6119   1737   3048   5097   3144   6148     82     38   6067   7226   1885   9562   5161   5123     59   2956   1977   3308   4859   4715   2494   4700   1067   1087   6206  10170 
pomegranate       1759    327    493   1009    311    399    506    744   1613    151   1112    564    301   1561    237    656   2745    130   2520   1832     77   2222   2205    529    464    429   1128    799    384    467    367    359    288   2945   1144    520    372    508    760    209   1558    840   1296    445    862    106    895   1832   2230    380    844   1866    129   1586   1836    281   1003     91   1562    330 
potato             245    613     75    120   1118     60    341    199     84    363    303   1103    355    160     32   1010     34   1338    200    136   1099    410     25    626    961    536    673    674     96     67    398     83    837     39    691    177    344    588    344    648     10      2    676    780    218   1093    571    509      9    325    252    354    552    499    282    510     96    137    745   1109 
pumpkin            552   1714    181    273   2866    137    957    459    219    906    792   2829    859    377     64   2526    106   3635    496    345   2882   1040     76   1426   2376   1299   1566   1686    260    182    969    191   2189    103   1718    490    887   1397    816   1649     30      5   1774   2080    537   2771   1480   1538     15    813    592    918   1383   1298    698   1307    268    316   1778   2753 
quince            2049   6458    631   1126  10684    548   3497   1926    833   3327   2936  10689   3310   1317    280   9548    405  13412   1780   1201  10755   4058    229   5366   8881   4719   5818   6453   1028    710   3805    692   7998    406   6453   1913   3131   5376   3262   6478     88     40   6443   7571   1939  10175   5496   5408     78   3328   2142   3368   5321   4883   2649   5055   1099   1188   6617  10620 
radish            1270    242    351    671    233    296    339    541   1097     92    784    416    213   1088    175    445   2059     88   1751   1294     49   1548   1528    415    332    299    811    487    264    327    276    259    220   2071    821    386    258    361    554    168   1124    617    921    303    578     77    625   1303   1641    300    579   1347     84   1109   1320    163    717     69   1198    214 
raisin             327    230   1649    881    390   1319    509    892    756   1379    269    155    354    336   1579    221    495     22     98    604      8    254    160    763    722   1018    329    456   1910   1909   1293    242    602    416    364   1706    132    224     69    742   1231   1066    323    421   1396      2    636    149    662    157   1042    256    866    243    201     65    269   1774    256    125 
raspberry          528    112    134    284    123    120    138    190    422     48    292    160    106    429     65    180    773     34    745    549     14    622    634    169    119    136    308    209    110    154    130    106     84    804    279    153    112    121    205     58    455    211    351    110    238     26    252    502    677    135    244    543     30    428    549     62    259     17    461     83 
rhubarb            552   1105    158    572    211   1053    993   1068    569    228    959     76   1418    839    847    239    114    105    437    545    618     68    757    250     82    320    516    516    186    244    112   2055     77    187    416     42   1814   1055   1468    654    187   1098    254    657    238    789    541     71    427   1860    390    143    446    501    635   1443   1685     82    179    244 
rosemary           186     32     54    117     35     47     56     77    177     15    135     75     34    167     34     92    343     19    310    217      6    253    242     64     53     52    137     89     45     64     50     39     36    312    135     62     39     57     98     16    182     97    159     65     89     13     93    202    231     58     95    217      9    197    207     24    104     12    185     33 
rutabaga           858    148    232    473    135    210    220    359    777     66    513    276    164    722    125    322   1427     75   1221    843     33   1072   1119    260    237    183    547    342    196    256    218    201    138   1367    528    255    208    272    392    118    785    405    642    230    393     59    423    928   1169    207    425    937     61    802    918    118    496     36    805    145 
sage              2536   1730  11759   6718   2789   9258   4156   5979   5616   9590   2102   1162   2458   2163  11137   1587   3458    178    741   4107     58   1603   1314   5531   5141   7394   2384   3394  13424  13603   8734   1603   4587   2875   2670  11952    838   1636    540   5297   8197   7498   2232   3013  10234     39   4416   1151   4659   1152   7095   1999   6310   1685   1471    471   1890  13238   1875    807 
scallion           455     79    125    264     82    119    132    196    451     35    278    142     75    401     66    207    753     38    640    464     19    581    578    142    142    115    310    185    122    136    120     94     82    777    296    151    102    158    191     64    399    254    364    123    232     30    217    521    602     90    239    500     43    424    510     67    259     12    436     82 
spinach           1297    248    328    734    207    266    346    540   1187     96    733    368    250   1055    175    472   1953     93   1797   1306     53   1581   1565    394    322    278    805    545    298    390    280    286    214   1958    836    364    304    371    530    144   1130    600    884    339    559     75    604   1319   1590    273    580   1265     81   1171   1294    211    662     63   1170    231 
strawberry         833    137    213    460    153    183    200    360    725     73    510    250    163    687    123    299   1227     69   1162    808     39   1005    992    243    243    190    530    382    163    220    169    171    142   1257    520    236    181    239    355     85    726    387    633    228    371     46    407    829   1020    181    404    848     35    665    818    126    445     41    741    157 
tamarind           135    317     60    166     59    301    292    329    174     73    295     24    397    220    223     73     42     37    128    152    163     21    203     69     20     73    133    166     55     74     47    571     21     64    121     13    515    313    444    213     52    294     76    194     71    221    191     18    119    566     95     33    121    156    181    366    492     29     49     59 
tangerine          415    811    150    500    211    812    843    858    412    191    838     62   1060    612    653    216     88    101    364    444    459     71    584    194     61    242    417    439    153    219     98   1581     51    124    288     42   1465    844   1124    532    113    794    178    540    190    576    452     49    351   1411    326    116    325    397    511   1126   1314     80    128    214 
thyme             1339    247    360    750    264    315    373    620   1181    127    823    449    215   1167    202    494   2100     81   1935   1467     65   1710   1767    422    343    312    889    559    278    335    327    285    215   2199    868    418    298    384    511    147   1192    639    979    345    616     88    747   1399   1739    306    641   1494    101   1151   1503    202    706     56   1340    244 
tomato             268    224   1414    810    345   1131    473    695    655   1133    248    132    310    253   1327    204    427     19     86    490      7    188    171    664    614    882    253    395   1520   1675    995    207    553    378    308   1373    105    183     54    654    959    886    273    328   1258      2    515    111    557    135    830    223    761    194    134     56    225   1566    217     94 
turnip             202    648     70    110   1051     59    332    178     83    331    292   1060    335    158     31    964     47   1368    177     90   1114    372     23    531    890    472    584    668    104     87    385     79    764     34    662    200    336    531    328    659     12      6    668    773    191   1091    562    572      7    303    246    332    509    498    258    461    112    113    626   1049 
wasabi              81    261     25     50    406     20    135     77     31    128    118    415    130     59     12    356     19    521     74     40    471    148      7    231    342    198    257    251     42     20    154     29    310     11    248     82    136    206    131    264      5      3    245    301     82    417    208    230      4    129     83    143    217    217     95    210     46     45    266    449 
watercress          89     72    444    281    120    365    177    251    226    364     92     42     91     79    441     57    144     11     20    152      2     61     57    204    218    313     93    154    495    572    326     62    170    113    111    510     34     63     18    183    347    278     92    114    446      1    194     37    169     41    269     78    238     68     34     19     63    511     81     29 
watermelon         679   2083    180    330   3463    174   1097    563    266   1085    945   3414   1114    442     82   3001    150   4271    598    390   3518   1244     57   1823   2974   1476   1887   2147    325    228   1211    233   2611    153   2043    674   1040   1724   1042   2036     33     16   2036   2468    625   3364   1778   1730     30    991    718   1103   1732   1554    843   1625    332    350   2141   3412 
yam                696    498   3436   1900    745   2603   1241   1773   1604   2777    621    325    781    587   3229    411    949     58    215   1200     20    446    384   1514   1452   2089    672    934   3828   3980   2461    463   1269    821    809   3420    251    474    153   1465   2327   2134    648    926   2911     14   1228    316   1267    313   2100    532   1830    444    417    141    572   3796    487    236 
zucchini           931    173    216    540    148    205    235    372    845     74    548    287    145    776    132    335   1481     77   1236    933     34   1091   1148    276    276    184    581    402    215    239    212    165    138   1437    574    258    199    268    386     97    837    429    611    227    398     49    459    889   1153    183    469    947     60    799    964    103    466     31    831    156 
